1401401015
1401401022
1401401025
1401401032
1401401034
1401401064
1401401065
1401401066
1401401067
1402401010
1402401013
1402401026
1402401030
1402401032
1402401033
1402401034
1402401035
1402402002
1402402009
1402402015
1402402031
1402402035
1402402041
1402402042
1402402043
1402402044
1402403006
1402403023
1402403025
1402403034
1402403035
1402403036
1402403037
1402404020
1402404021
1402404022
1402404023
1402405007
1402405011
1402405021
1402405040
1402405047
1402405048
1402405049
1402405050
1402406025
1402406042
1402406043
1402406044
1402406045
1402407046
1402407048
1402407056
1402407057
1402407058
1402407059
1402408010
1402408016
1402408020
1402408040
1402408041
1402408042
1402408043
1402409003
1402409018
1402409043
1402409072
1402409075
1402409091
1402409101
1402409102
1402409103
1402409104
1403401009
1403401015
1403401037
1403401038
1403401039
1403401040
1403402003
1403402024
1403402032
1403402033
1403402034
1403402035
1403403001
1403403002
1403403003
1403403004
1403404013
1403404034
1403404035
1403404038
1403404042
1403404043
1403404044
1403404045
1403405006
1403405019
1403405028
1403405029
1403405033
1403405034
1403405035
1403405036
1403408029
1403408065
1403408066
1403408067
1403408068
1404401009
1404401015
1404401018
1404401019
1404401024
1404401035
1404401049
1404401050
1404401051
1404401052
1404402005
1404402009
1404402022
1404402026
1404402028
1404402029
1404402030
1404402031
1404403004
1404403009
1404403011
1404403013
1404403022
1404403023
1404403031
1404403033
1404403035
1404403043
1404403048
1404403049
1404403050
1404403051
1404406003
1404406011
1404406013
1404406014
1404406019
1404406024
1404406025
1404406026
1404406027
1404407021
1404407022
1404407028
1404407029
1404407030
1404407031
1404409003
1404409008
1404409025
1404409026
1404409027
1404409028
1404410013
1404410026
1404410027
1404410028
1404410029
1404504007
1404504011
1404504012
1404504013
1404504015
1404504018
1404504019
1404504021
1404504022
1404504023
1404504024
1404505009
1404505021
1404505026
1404505027
1404505028
1404505029
1405401004
1405401007
1405401008
1405401011
1405401019
1405401023
1405401024
1405401025
1405401026
1405402006
1405402026
1405402027
1405402028
1405402029
1405403022
1405403024
1405403027
1405403028
1405403029
1405403030
1405404014
1405404024
1405404025
1405404026
1405404027
1405406003
1405406005
1405406011
1405406026
1405406027
1405406028
1405406029
1405408016
1405408021
1405408027
1405408028
1405408029
1405408030
1405410025
1405410026
1405410027
1405410028
1405411003
1405411026
1405411027
1405411028
1405411029
1406401013
1406401050
1406401074
1406401075
1406401076
1406401077
1406403021
1406403022
1406403023
1406403024
1406404011
1406404052
1406404053
1406404054
1406404055
1406405001
1406405002
1406405003
1406405004
1407402001
1407402008
1407402036
1407402037
1407402038
1407402039
1407403017
1407403023
1407403044
1407403046
1407403047
1407403048
1407403049
1407404003
1407404004
1407404012
1407404016
1407404020
1407404021
1407404022
1407404023
1408401016
1408401027
1408401028
1408401029
1408401030
1408404008
1408404017
1408404028
1408404040
1408404050
1408404051
1408404052
1408404053
1408405063
1408405072
1408405073
1408405074
1408405075
1408406005
1408406010
1408406022
1408406023
1408406026
1408406027
1408406028
1408406029
1408407007
1408407041
1408407055
1408407056
1408407057
1408407058
1408408006
1408408007
1408408015
1408408018
1408408019
1408408020
1408408021
1408409027
1408409028
1408409029
1408409030
1408510001
1408510002
1408510003
1408510004
1409401016
1409401018
1409401033
1409401036
1409401037
1409401044
1409401045
1409401057
1409401111
1409401112
1409401128
1409401139
1409401145
1409401152
1409401153
1409401154
1409401155
1409404002
1409404004
1409404013
1409404025
1409404036
1409404068
1409404118
1409404133
1409404159
1409404164
1409404165
1409404166
1409404167
1409408003
1409408012
1409408013
1409408018
1409408023
1409408026
1409408032
1409408033
1409408034
1409408035
1410401018
1410401036
1410401037
1410401039
1410401040
1410401041
1410401042
1410402001
1410402002
1410402003
1410402004
1410404085
1410404101
1410404104
1410404105
1410404106
1410404107
1410405008
1410405024
1410405041
1410405046
1410405047
1410405048
1410405049
1410406034
1410406035
1410406036
1410406037
1410407031
1410407032
1410407033
1410407034
1410408019
1410408029
1410408030
1410408031
1410408032
1410409001
1410409006
1410409066
1410409069
1410409070
1410409071
1410409072
1410510001
1410510002
1410510003
1410510004
1411401064
1411401081
1411401090
1411401119
1411401120
1411401121
1411401122
1411402026
1411402045
1411402046
1411402047
1411402048
1413401008
1413401009
1413401012
1413401026
1413401062
1413401063
1413401064
1413401065
1413402004
1413402006
1413402008
1413402034
1413402035
1413402036
1413402037
1414401004
1414401008
1414401009
1414401017
1414401023
1414401026
1414401027
1414401031
1414401056
1414401069
1414401072
1414401076
1414401078
1414401079
1414401080
1414401084
1414401091
1414401092
1414401093
1414401094
1414401095
1414401096
1414401097
1415404002
1415404008
1415404011
1415404013
1415404015
1415404022
1415404027
1415404040
1415404053
1415404058
1415404059
1415404060
1415404061
1415405001
1415405003
1415405004
1415405005
1415405009
1415405013
1415405014
1415405017
1415405019
1415405020
1415405027
1415405028
1415405029
1415405030
1415406001
1415406002
1415406016
1415406026
1415406031
1415406033
1415406042
1415406048
1415406056
1415406072
1415406078
1415406079
1415406086
1415406089
1415406090
1415406098
1415406101
1415406109
1415406120
1415406122
1415406130
1415406131
1415406133
1415406136
1415406141
1415406142
1415406161
1415406162
1415406166
1415406186
1415406187
1415406188
1415406189
1418402036
1418402037
1418402038
1418402039
1418403019
1418403030
1418403036
1418403045
1418403046
1418403047
1418403048
1421401007
1421401032
1421401034
1421401035
1421401036
1421401037
1421402023
1421402028
1421402029
1421402039
1421402040
1421402041
1421402042
1427402003
1427402006
1427402010
1427402026
1427402027
1427402033
1427402045
1427402046
1427402047
1427402048
1427405001
1427405003
1427405022
1427405043
1427405077
1427405079
1427405106
1427405119
1427405122
1427405124
1427405125
1427405126
1427405127
1427406049
1427406057
1427406061
1427406074
1427406075
1427406076
1427406077
1428401008
1428401026
1428401027
1428401030
1428401032
1428401041
1428401051
1428401053
1428401054
1428401055
1428401056
1428402003
1428402007
1428402009
1428402011
1428402014
1428402023
1428402028
1428402034
1428402036
1428402039
1428402041
1428402043
1428402045
1428402047
1428402050
1428402051
1428402052
1428402053
1428403007
1428403008
1428403009
1428403010
1428404015
1428404017
1428404024
1428404043
1428404058
1428404062
1428404063
1428404064
1428404065
1428405004
1428405005
1428405006
1428405016
1428405018
1428405019
1428405023
1428405024
1428405025
1428405028
1428405030
1428405031
1428405033
1428405039
1428405040
1428405042
1428405043
1428405049
1428405050
1428405051
1428405054
1428405057
1428405058
1428405059
1428405060
1428407001
1428407002
1428407003
1428407004
1429401008
1429401017
1429401023
1429401024
1429401041
1429401046
1429401077
1429401082
1429401083
1429401095
1429401101
1429401104
1429401111
1429401114
1429401115
1429401135
1429401154
1429401158
1429401159
1429401160
1429401161
1429401162
1429401163
1429402052
1429402065
1429402066
1429402067
1429402068
1429403001
1429403028
1429403031
1429403032
1429403033
1429403034
1430402011
1430402030
1430402045
1430402074
1430402078
1430402082
1430402084
1430402108
1430402121
1430402122
1430402123
1430402124
1430403008
1430403010
1430403019
1430403023
1430403036
1430403037
1430403038
1430403039
1430408025
1430408032
1430408033
1430408034
1430408035
1430412011
1430412020
1430412040
1430412046
1430412047
1430412055
1430412068
1430412076
1430412079
1430412081
1430412090
1430412091
1430412092
1430412093
1430413011
1430413013
1430413015
1430413018
1430413033
1430413044
1430413046
1430413059
1430413063
1430413068
1430413069
1430413072
1430413092
1430413093
1430413094
1430413095
1430414012
1430414017
1430414022
1430414038
1430414039
1430414040
1430414041
1430415003
1430415007
1430415026
1430415032
1430415033
1430415034
1430415035
1430416004
1430416010
1430416024
1430416029
1430416030
1430416031
1430416032
1430504001
1430504002
1430504008
1430504017
1430504019
1430504028
1430504031
1430504036
1430504050
1430504056
1430504057
1430504058
1430504059
1430506005
1430506019
1430506025
1430506035
1430506036
1430506040
1430506042
1430506045
1430506063
1430506084
1430506095
1430506097
1430506118
1430506119
1430506123
1430506125
1430506126
1430506127
1430506128
1430507001
1430507002
1430507003
1430507004
1430509006
1430509007
1430509011
1430509016
1430509020
1430509022
1430509023
1430509024
1430509025
1430510001
1430510005
1430510012
1430510014
1430510016
1430510017
1430510019
1430510020
1430510021
1430510024
1430510027
1430510036
1430510042
1430510044
1430510049
1430510050
1430510051
1430510052
1430511002
1430511007
1430511010
1430511014
1430511029
1430511030
1430511031
1430511032
1430517001
1430517002
1430517003
1430517004
1441403032
1441403033
1441403034
1441403035
1441404001
1441404002
1441404005
1441404019
1441404025
1441404026
1441404027
1441404028
1441501003
1441501007
1441501010
1441501014
1441501015
1441501024
1441501046
1441501060
1441501061
1441501067
1441501069
1441501073
1441501074
1441501075
1441501076
1441502009
1441502017
1441502022
1441502025
1441502031
1441502032
1441502033
1441502034
1442401031
1442401035
1442401042
1442401046
1442401051
1442401054
1442401055
1442401056
1442401057
1442402030
1442402058
1442402059
1442402060
1442402061
1442404014
1442404020
1442404036
1442404038
1442404042
1442404047
1442404048
1442404052
1442404059
1442404063
1442404066
1442404067
1442404068
1442404069
1442405003
1442405004
1442405011
1442405012
1442405014
1442405029
1442405036
1442405039
1442405040
1442405043
1442405044
1442405045
1442405046
1442406016
1442406017
1442406024
1442406028
1442406030
1442406037
1442406044
1442406045
1442406046
1442406047
1443401009
1443401026
1443401027
1443401038
1443401040
1443401067
1443401074
1443401077
1443401079
1443401089
1443401125
1443401131
1443401132
1443401135
1443401158
1443401159
1443401160
1443401161
1443402027
1443402041
1443402042
1443402043
1443402044
