1501401001
1501401002
1501401003
1501401004
1502401002
1502401010
1502401011
1502401019
1502401021
1502401022
1502401026
1502401027
1502401028
1502401029
1502402007
1502402020
1502402029
1502402030
1502402043
1502402046
1502402047
1502402048
1502402049
1502403019
1502403033
1502403034
1502403035
1502403036
1502404009
1502404018
1502404019
1502404020
1502404021
1502405002
1502405007
1502405011
1502405012
1502405016
1502405017
1502405027
1502405038
1502405046
1502405047
1502405048
1502405049
1502406015
1502406026
1502406034
1502406039
1502406040
1502406041
1502406042
1502407002
1502407010
1502407015
1502407016
1502407018
1502407019
1502407020
1502407022
1502407028
1502407033
1502407036
1502407038
1502407039
1502407040
1502407041
1502408003
1502408006
1502408010
1502408020
1502408022
1502408033
1502408034
1502408038
1502408039
1502408041
1502408042
1502408043
1502408044
1502409020
1502409039
1502409058
1502409066
1502409070
1502409073
1502409101
1502409102
1502409103
1502409104
1503401004
1503401027
1503401034
1503401035
1503401036
1503401037
1503402015
1503402016
1503402030
1503402031
1503402041
1503402042
1503402043
1503402044
1503403001
1503403002
1503403003
1503403004
1503404003
1503404008
1503404009
1503404020
1503404025
1503404027
1503404034
1503404038
1503404041
1503404042
1503404043
1503404044
1503405004
1503405011
1503405014
1503405018
1503405022
1503405036
1503405039
1503405040
1503405041
1503405042
1503408005
1503408016
1503408018
1503408026
1503408034
1503408039
1503408040
1503408057
1503408058
1503408059
1503408060
1504401001
1504401002
1504401007
1504401008
1504401009
1504401011
1504401018
1504401019
1504401020
1504401025
1504401027
1504401030
1504401037
1504401041
1504401043
1504401048
1504401049
1504401050
1504401051
1504402001
1504402002
1504402003
1504402004
1504403001
1504403023
1504403024
1504403025
1504403029
1504403030
1504403031
1504403032
1504406002
1504406005
1504406017
1504406018
1504406024
1504406025
1504406026
1504406027
1504407004
1504407019
1504407021
1504407025
1504407026
1504407027
1504407028
1504409009
1504409012
1504409014
1504409022
1504409026
1504409027
1504409028
1504409029
1504410002
1504410014
1504410015
1504410020
1504410022
1504410023
1504410024
1504410025
1504504009
1504504020
1504504021
1504504025
1504504026
1504504027
1504504028
1504505004
1504505017
1504505020
1504505024
1504505025
1504505026
1504505027
1505401009
1505401019
1505401029
1505401030
1505401031
1505401032
1505402001
1505402004
1505402025
1505402026
1505402027
1505402028
1505403021
1505403023
1505403024
1505403025
1505403026
1505404007
1505404010
1505404016
1505404021
1505404022
1505404023
1505404024
1505406007
1505406010
1505406016
1505406017
1505406018
1505406024
1505406025
1505406026
1505406027
1505408006
1505408009
1505408010
1505408011
1505408029
1505408041
1505408042
1505408043
1505408044
1505410004
1505410013
1505410015
1505410022
1505410028
1505410029
1505410030
1505410031
1505411004
1505411010
1505411012
1505411014
1505411015
1505411017
1505411022
1505411025
1505411026
1505411027
1505411028
1506401001
1506401009
1506401010
1506401012
1506401017
1506401027
1506401042
1506401043
1506401075
1506401076
1506401077
1506401078
1506403017
1506403019
1506403020
1506403021
1506403022
1506404008
1506404009
1506404010
1506404014
1506404036
1506404061
1506404062
1506404063
1506404064
1506405001
1506405003
1506405007
1506405012
1506405014
1506405015
1506405016
1506405018
1506405021
1506405022
1506405023
1506405024
1507402001
1507402002
1507402010
1507402014
1507402017
1507402019
1507402021
1507402027
1507402037
1507402038
1507402041
1507402047
1507402055
1507402061
1507402067
1507402069
1507402076
1507402083
1507402089
1507402092
1507402100
1507402101
1507402102
1507402108
1507402111
1507402115
1507402119
1507402122
1507402124
1507402125
1507402129
1507402131
1507402132
1507402133
1507402134
1507403005
1507403027
1507403031
1507403034
1507403041
1507403047
1507403048
1507403049
1507403050
1507404002
1507404011
1507404017
1507404021
1507404022
1507404023
1507404024
1508401002
1508401004
1508401006
1508401007
1508401010
1508401013
1508401015
1508401022
1508401025
1508401026
1508401027
1508401028
1508404006
1508404007
1508404009
1508404014
1508404015
1508404018
1508404019
1508404028
1508404029
1508404030
1508404032
1508404034
1508404044
1508404046
1508404047
1508404051
1508404053
1508404054
1508404055
1508404056
1508404057
1508404058
1508404059
1508405028
1508405051
1508405053
1508405057
1508405058
1508405059
1508405060
1508406007
1508406008
1508406009
1508406012
1508406013
1508406020
1508406022
1508406027
1508406028
1508406029
1508406030
1508407009
1508407018
1508407029
1508407031
1508407032
1508407034
1508407041
1508407048
1508407050
1508407051
1508407053
1508407060
1508407061
1508407062
1508407063
1508408003
1508408011
1508408015
1508408016
1508408019
1508408023
1508408055
1508408056
1508408057
1508408058
1508409026
1508409027
1508409028
1508409029
1508510009
1508510024
1508510025
1508510048
1508510050
1508510057
1508510065
1508510066
1508510067
1508510068
1509401006
1509401008
1509401011
1509401012
1509401019
1509401023
1509401024
1509401025
1509401040
1509401044
1509401053
1509401054
1509401055
1509401057
1509401060
1509401064
1509401074
1509401078
1509401092
1509401095
1509401115
1509401117
1509401119
1509401121
1509401123
1509401124
1509401126
1509401127
1509401130
1509401133
1509401135
1509401138
1509401139
1509401140
1509401141
1509404018
1509404037
1509404047
1509404059
1509404067
1509404086
1509404093
1509404104
1509404106
1509404110
1509404111
1509404118
1509404124
1509404132
1509404145
1509404148
1509404152
1509404154
1509404160
1509404163
1509404164
1509404165
1509404166
1509408011
1509408013
1509408034
1509408035
1509408036
1509408037
1510401018
1510401031
1510401032
1510401033
1510401034
1510402005
1510402011
1510402018
1510402020
1510402021
1510402022
1510402032
1510402033
1510402034
1510402035
1510404024
1510404040
1510404048
1510404058
1510404075
1510404077
1510404103
1510404104
1510404105
1510404106
1510405008
1510405009
1510405044
1510405045
1510405046
1510405047
1510406016
1510406017
1510406021
1510406023
1510406024
1510406025
1510406026
1510407001
1510407015
1510407031
1510407032
1510407033
1510407034
1510408008
1510408014
1510408016
1510408028
1510408031
1510408032
1510408033
1510408034
1510409019
1510409056
1510409062
1510409063
1510409065
1510409066
1510409067
1510409068
1510510053
1510510054
1510510055
1510510056
1511401002
1511401003
1511401008
1511401011
1511401014
1511401017
1511401018
1511401020
1511401025
1511401029
1511401031
1511401036
1511401041
1511401047
1511401052
1511401062
1511401063
1511401069
1511401071
1511401080
1511401081
1511401089
1511401095
1511401105
1511401108
1511401111
1511401116
1511401117
1511401118
1511401119
1511402008
1511402012
1511402014
1511402033
1511402035
1511402036
1511402037
1511402038
1513401005
1513401007
1513401011
1513401016
1513401020
1513401022
1513401024
1513401025
1513401026
1513401032
1513401035
1513401039
1513401044
1513401055
1513401056
1513401057
1513401058
1513402003
1513402011
1513402012
1513402013
1513402017
1513402018
1513402025
1513402027
1513402030
1513402032
1513402035
1513402036
1513402037
1513402038
1514401006
1514401010
1514401032
1514401036
1514401041
1514401043
1514401047
1514401050
1514401069
1514401074
1514401075
1514401077
1514401080
1514401082
1514401085
1514401087
1514401088
1514401089
1514401090
1515404004
1515404008
1515404010
1515404015
1515404024
1515404026
1515404031
1515404032
1515404033
1515404038
1515404056
1515404058
1515404059
1515404060
1515404061
1515405002
1515405012
1515405018
1515405019
1515405031
1515405033
1515405034
1515405037
1515405041
1515405046
1515405057
1515405060
1515405061
1515405062
1515405064
1515405065
1515405066
1515405067
1515406003
1515406006
1515406007
1515406013
1515406019
1515406028
1515406033
1515406037
1515406048
1515406056
1515406059
1515406064
1515406067
1515406068
1515406069
1515406070
1518402002
1518402012
1518402018
1518402019
1518402024
1518402025
1518402035
1518402036
1518402037
1518402038
1518403028
1518403043
1518403044
1518403045
1518403046
1521401001
1521401002
1521401033
1521401034
1521401035
1521401036
1521402040
1521402041
1521402042
1521402043
1527402004
1527402005
1527402009
1527402012
1527402016
1527402020
1527402021
1527402023
1527402029
1527402031
1527402035
1527402045
1527402046
1527402047
1527402048
1527405001
1527405006
1527405014
1527405032
1527405043
1527405058
1527405082
1527405089
1527405090
1527405094
1527405095
1527405096
1527405102
1527405115
1527405124
1527405130
1527405131
1527405132
1527405133
1527406015
1527406018
1527406026
1527406028
1527406029
1527406032
1527406036
1527406045
1527406047
1527406051
1527406060
1527406061
1527406062
1527406063
1528401003
1528401020
1528401031
1528401033
1528401047
1528401048
1528401049
1528401050
1528402002
1528402007
1528402024
1528402025
1528402028
1528402031
1528402033
1528402043
1528402045
1528402046
1528402047
1528402048
1528403005
1528403007
1528403021
1528403027
1528403045
1528403048
1528403049
1528403052
1528403053
1528403063
1528403064
1528403065
1528403066
1528404003
1528404017
1528404036
1528404042
1528404049
1528404057
1528404063
1528404064
1528404065
1528404066
1528405001
1528405003
1528405008
1528405011
1528405015
1528405023
1528405035
1528405038
1528405045
1528405048
1528405052
1528405054
1528405055
1528405056
1528405057
1528407001
1528407002
1528407003
1528407004
1529401002
1529401004
1529401006
1529401011
1529401012
1529401037
1529401048
1529401064
1529401078
1529401084
1529401086
1529401092
1529401102
1529401113
1529401129
1529401130
1529401144
1529401183
1529401184
1529401185
1529401186
1529401187
1529401188
1529402006
1529402018
1529402028
1529402030
1529402037
1529402040
1529402041
1529402042
1529402044
1529402051
1529402053
1529402055
1529402059
1529402060
1529402061
1529402062
1529403005
1529403020
1529403034
1529403035
1529403036
1529403037
1530402009
1530402011
1530402012
1530402013
1530402014
1530403010
1530403017
1530403031
1530403032
1530403037
1530403038
1530403039
1530403040
1530408003
1530408005
1530408012
1530408021
1530408023
1530408025
1530408031
1530408032
1530408033
1530408034
1530412001
1530412003
1530412008
1530412011
1530412016
1530412018
1530412019
1530412026
1530412027
1530412029
1530412030
1530412038
1530412048
1530412052
1530412054
1530412056
1530412063
1530412064
1530412074
1530412076
1530412079
1530412081
1530412082
1530412083
1530412084
1530413001
1530413004
1530413005
1530413006
1530413007
1530414002
1530414010
1530414020
1530414024
1530414025
1530414027
1530414028
1530414029
1530414030
1530415005
1530415007
1530415010
1530415011
1530415020
1530415023
1530415031
1530415032
1530415033
1530415034
1530416004
1530416030
1530416031
1530416032
1530416033
1530504003
1530504006
1530504007
1530504016
1530504022
1530504024
1530504029
1530504030
1530504036
1530504044
1530504045
1530504054
1530504065
1530504073
1530504074
1530504076
1530504077
1530504078
1530504079
1530506001
1530506002
1530506004
1530506013
1530506016
1530506019
1530506020
1530506021
1530506022
1530507001
1530507008
1530507010
1530507011
1530507013
1530507016
1530507020
1530507026
1530507028
1530507029
1530507030
1530507031
1530509002
1530509003
1530509006
1530509007
1530509009
1530509011
1530509012
1530509018
1530509021
1530509022
1530509028
1530509034
1530509038
1530509041
1530509042
1530509045
1530509048
1530509064
1530509067
1530509068
1530509069
1530509073
1530509075
1530509076
1530509079
1530509080
1530509083
1530509087
1530509088
1530509089
1530509090
1530510006
1530510016
1530510020
1530510032
1530510034
1530510041
1530510042
1530510043
1530510044
1530511001
1530511002
1530511003
1530511005
1530511008
1530511013
1530511014
1530511015
1530511017
1530511024
1530511025
1530511026
1530511027
1530517005
1530517010
1530517012
1530517013
1530517016
1530517018
1530517019
1530517020
1530517022
1530517023
1530517026
1530517028
1530517030
1530517031
1530517032
1530517033
1541403011
1541403015
1541403016
1541403018
1541403030
1541403037
1541403038
1541403039
1541403040
1541404001
1541404002
1541404003
1541404004
1541501005
1541501014
1541501017
1541501018
1541501025
1541501026
1541501041
1541501060
1541501061
1541501062
1541501063
1541502007
1541502011
1541502013
1541502019
1541502022
1541502023
1541502025
1541502029
1541502031
1541502032
1541502033
1541502034
1542401008
1542401009
1542401010
1542401021
1542401023
1542401038
1542401040
1542401041
1542401043
1542401047
1542401049
1542401050
1542401051
1542401052
1542402003
1542402014
1542402019
1542402027
1542402039
1542402056
1542402057
1542402058
1542402059
1542404001
1542404002
1542404003
1542404004
1542405021
1542405041
1542405042
1542405043
1542405044
1542406005
1542406008
1542406014
1542406020
1542406034
1542406044
1542406045
1542406046
1542406047
1543401012
1543401014
1543401032
1543401039
1543401040
1543401054
1543401056
1543401060
1543401062
1543401065
1543401077
1543401083
1543401086
1543401096
1543401106
1543401109
1543401168
1543401169
1543401182
1543401195
1543401196
1543401199
1543401200
1543401201
1543401202
1543402006
1543402041
1543402042
1543402043
1543402044
