1601401010
1601401015
1601401018
1601401019
1601401025
1601401033
1601401051
1601401052
1601401070
1601401092
1601401094
1601401095
1601401113
1601401116
1601401120
1601401122
1601401127
1601401142
1601401147
1601401151
1601401152
1601401153
1601401160
1601401161
1601401167
1601401169
1601401180
1601401181
1601401188
1601401195
1601401219
1601401220
1601401221
1601401222
1602401007
1602401009
1602401010
1602401014
1602401015
1602401017
1602401018
1602401020
1602401021
1602401026
1602401027
1602401028
1602401029
1602402001
1602402016
1602402021
1602402028
1602402029
1602402034
1602402039
1602402042
1602402045
1602402047
1602402049
1602402050
1602402051
1602402052
1602403003
1602403005
1602403006
1602403010
1602403012
1602403013
1602403015
1602403016
1602403018
1602403020
1602403022
1602403024
1602403027
1602403030
1602403032
1602403036
1602403037
1602403038
1602403039
1602404023
1602404024
1602404025
1602404026
1602405007
1602405008
1602405010
1602405015
1602405016
1602405019
1602405024
1602405026
1602405029
1602405030
1602405031
1602405039
1602405043
1602405046
1602405047
1602405048
1602405050
1602405051
1602405052
1602405053
1602405054
1602405055
1602405056
1602406003
1602406007
1602406009
1602406010
1602406016
1602406018
1602406023
1602406026
1602406028
1602406032
1602406033
1602406037
1602406038
1602406039
1602406041
1602406042
1602406043
1602406044
1602407003
1602407007
1602407010
1602407019
1602407021
1602407030
1602407033
1602407037
1602407044
1602407045
1602407046
1602407047
1602408008
1602408009
1602408011
1602408013
1602408014
1602408030
1602408035
1602408039
1602408042
1602408046
1602408047
1602408048
1602408049
1602409015
1602409018
1602409042
1602409048
1602409051
1602409067
1602409070
1602409085
1602409089
1602409092
1602409093
1602409096
1602409100
1602409101
1602409102
1602409103
1603401001
1603401002
1603401004
1603401005
1603401010
1603401012
1603401014
1603401016
1603401019
1603401021
1603401024
1603401026
1603401029
1603401032
1603401033
1603401034
1603401035
1603402001
1603402002
1603402004
1603402013
1603402016
1603402017
1603402020
1603402021
1603402023
1603402025
1603402032
1603402034
1603402035
1603402036
1603402037
1603403009
1603403010
1603403014
1603403019
1603403021
1603403027
1603403028
1603403029
1603403030
1603404001
1603404002
1603404003
1603404004
1603405004
1603405006
1603405016
1603405028
1603405030
1603405032
1603405037
1603405038
1603405039
1603405040
1603408001
1603408009
1603408026
1603408027
1603408035
1603408038
1603408040
1603408043
1603408052
1603408055
1603408060
1603408062
1603408063
1603408064
1603408065
1604401001
1604401002
1604401008
1604401009
1604401014
1604401019
1604401020
1604401023
1604401024
1604401025
1604401028
1604401030
1604401037
1604401040
1604401042
1604401049
1604401052
1604401053
1604401054
1604401055
1604401056
1604401057
1604401058
1604402013
1604402015
1604402027
1604402028
1604402029
1604402030
1604403001
1604403002
1604403009
1604403010
1604403016
1604403017
1604403020
1604403021
1604403025
1604403030
1604403031
1604403032
1604403033
1604406015
1604406017
1604406019
1604406020
1604406021
1604406022
1604407002
1604407004
1604407005
1604407010
1604407013
1604407015
1604407027
1604407028
1604407029
1604407030
1604409005
1604409022
1604409026
1604409027
1604409028
1604409029
1604410004
1604410013
1604410015
1604410018
1604410024
1604410025
1604410026
1604410027
1604504016
1604504020
1604504023
1604504024
1604504025
1604504026
1604505004
1604505016
1604505027
1604505028
1604505029
1604505030
1605401031
1605401037
1605401061
1605401062
1605401063
1605401064
1605402001
1605402002
1605402003
1605402004
1605403009
1605403010
1605403029
1605403034
1605403038
1605403041
1605403042
1605403043
1605403044
1605404011
1605404012
1605404016
1605404022
1605404023
1605404024
1605404025
1605406001
1605406010
1605406021
1605406022
1605406023
1605406024
1605408001
1605408002
1605408009
1605408017
1605408024
1605408025
1605408026
1605408031
1605408034
1605408036
1605408040
1605408041
1605408042
1605408043
1605410005
1605410020
1605410025
1605410027
1605410041
1605410042
1605410043
1605410044
1605411004
1605411008
1605411020
1605411021
1605411022
1605411023
1606401001
1606401009
1606401035
1606401039
1606401051
1606401058
1606401065
1606401076
1606401077
1606401078
1606401079
1606403010
1606403016
1606403019
1606403026
1606403027
1606403028
1606403029
1606404017
1606404020
1606404044
1606404046
1606404047
1606404048
1606404049
1606405001
1606405006
1606405008
1606405013
1606405016
1606405017
1606405026
1606405027
1606405028
1606405029
1607402005
1607402006
1607402017
1607402021
1607402022
1607402041
1607402043
1607402048
1607402049
1607402050
1607402051
1607403001
1607403002
1607403003
1607403005
1607403006
1607403010
1607403012
1607403013
1607403016
1607403017
1607403020
1607403026
1607403033
1607403040
1607403044
1607403045
1607403046
1607403047
1607404015
1607404022
1607404023
1607404027
1607404028
1607404029
1607404030
1608401001
1608401004
1608401012
1608401019
1608401021
1608401026
1608401027
1608401028
1608401029
1608404001
1608404003
1608404006
1608404017
1608404028
1608404030
1608404043
1608404044
1608404045
1608404046
1608405007
1608405015
1608405031
1608405038
1608405073
1608405076
1608405077
1608405078
1608405079
1608406004
1608406008
1608406010
1608406011
1608406022
1608406024
1608406025
1608406026
1608406027
1608407010
1608407011
1608407013
1608407034
1608407035
1608407043
1608407044
1608407045
1608407046
1608408003
1608408019
1608408023
1608408024
1608408029
1608408030
1608408034
1608408051
1608408052
1608408053
1608408054
1608409001
1608409010
1608409011
1608409027
1608409028
1608409029
1608409030
1608510006
1608510009
1608510021
1608510024
1608510050
1608510051
1608510056
1608510058
1608510068
1608510069
1608510070
1608510071
1609401013
1609401014
1609401034
1609401038
1609401044
1609401052
1609401087
1609401088
1609401090
1609401117
1609401122
1609401149
1609401161
1609401162
1609401163
1609401164
1609404005
1609404007
1609404017
1609404033
1609404039
1609404057
1609404058
1609404066
1609404067
1609404069
1609404088
1609404091
1609404106
1609404117
1609404128
1609404137
1609404139
1609404150
1609404165
1609404166
1609404167
1609404168
1609404169
1609408006
1609408021
1609408022
1609408038
1609408039
1609408040
1609408041
1610401021
1610401027
1610401035
1610401036
1610401037
1610401038
1610402008
1610402014
1610402019
1610402022
1610402023
1610402031
1610402032
1610402033
1610402034
1610404003
1610404022
1610404025
1610404029
1610404040
1610404044
1610404050
1610404051
1610404075
1610404076
1610404080
1610404092
1610404094
1610404095
1610404096
1610404097
1610405033
1610405048
1610405049
1610405050
1610405051
1610406005
1610406013
1610406022
1610406023
1610406024
1610406025
1610407011
1610407014
1610407024
1610407038
1610407039
1610407040
1610407041
1610408003
1610408006
1610408008
1610408009
1610408013
1610408017
1610408019
1610408022
1610408024
1610408025
1610408026
1610408027
1610409019
1610409022
1610409026
1610409032
1610409048
1610409063
1610409064
1610409065
1610409066
1610510001
1610510002
1610510003
1610510004
1611401003
1611401011
1611401014
1611401022
1611401023
1611401024
1611401026
1611401031
1611401032
1611401038
1611401046
1611401049
1611401050
1611401054
1611401067
1611401068
1611401069
1611401076
1611401078
1611401082
1611401086
1611401088
1611401092
1611401103
1611401106
1611401109
1611401110
1611401117
1611401119
1611401120
1611401121
1611401122
1611402003
1611402012
1611402015
1611402016
1611402019
1611402026
1611402029
1611402031
1611402035
1611402036
1611402040
1611402041
1611402042
1611402043
1613401007
1613401012
1613401013
1613401027
1613401036
1613401038
1613401042
1613401043
1613401045
1613401047
1613401048
1613401052
1613401057
1613401058
1613401059
1613401060
1613402002
1613402003
1613402010
1613402015
1613402025
1613402032
1613402033
1613402034
1613402035
1614401011
1614401014
1614401022
1614401028
1614401029
1614401030
1614401032
1614401039
1614401045
1614401055
1614401062
1614401071
1614401075
1614401084
1614401087
1614401094
1614401103
1614401104
1614401105
1614401106
1614401107
1614401108
1614401109
1615404001
1615404004
1615404006
1615404007
1615404009
1615404010
1615404012
1615404013
1615404017
1615404019
1615404023
1615404024
1615404025
1615404027
1615404029
1615404031
1615404032
1615404035
1615404036
1615404039
1615404040
1615404041
1615404042
1615405001
1615405006
1615405012
1615405013
1615405014
1615405018
1615405022
1615405025
1615405026
1615405031
1615405037
1615405041
1615405044
1615405053
1615405062
1615405068
1615405070
1615405072
1615405076
1615405079
1615405080
1615405081
1615405082
1615406001
1615406003
1615406004
1615406006
1615406007
1615406013
1615406015
1615406016
1615406017
1615406018
1618402005
1618402006
1618402007
1618402008
1618403012
1618403017
1618403018
1618403025
1618403033
1618403040
1618403041
1618403044
1618403048
1618403049
1618403050
1618403051
1621401047
1621401048
1621401049
1621401050
1621402024
1621402029
1621402041
1621402042
1621402047
1621402048
1621402049
1621402050
1627402003
1627402006
1627402026
1627402036
1627402039
1627402042
1627402043
1627402044
1627402045
1627405003
1627405009
1627405010
1627405018
1627405020
1627405035
1627405048
1627405057
1627405062
1627405102
1627405121
1627405123
1627405127
1627405128
1627405143
1627405150
1627405151
1627405152
1627405153
1627406012
1627406014
1627406015
1627406023
1627406029
1627406030
1627406033
1627406035
1627406038
1627406040
1627406041
1627406049
1627406050
1627406053
1627406056
1627406057
1627406062
1627406067
1627406077
1627406078
1627406079
1627406080
1627406081
1628401018
1628401020
1628401021
1628401032
1628401034
1628401035
1628401036
1628401037
1628402004
1628402014
1628402034
1628402035
1628402036
1628402037
1628403001
1628403015
1628403019
1628403026
1628403029
1628403042
1628403047
1628403050
1628403051
1628403052
1628403059
1628403061
1628403062
1628403063
1628403064
1628404036
1628404040
1628404054
1628404056
1628404060
1628404063
1628404064
1628404065
1628404066
1628405004
1628405035
1628405039
1628405057
1628405059
1628405061
1628405062
1628405063
1628405064
1628407010
1628407014
1628407015
1628407024
1628407026
1628407027
1628407029
1628407030
1628407031
1628407032
1629401003
1629401006
1629401026
1629401030
1629401032
1629401033
1629401036
1629401040
1629401045
1629401046
1629401048
1629401059
1629401063
1629401064
1629401065
1629401067
1629401068
1629401069
1629401072
1629401077
1629401082
1629401083
1629401086
1629401087
1629401090
1629401091
1629401092
1629401103
1629401119
1629401120
1629401124
1629401125
1629401127
1629401129
1629401131
1629401137
1629401153
1629401157
1629401159
1629401160
1629401167
1629401174
1629401176
1629401177
1629401178
1629401179
1629402001
1629402006
1629402014
1629402026
1629402028
1629402033
1629402035
1629402037
1629402039
1629402054
1629402060
1629402067
1629402068
1629402069
1629402070
1629403008
1629403009
1629403010
1629403013
1629403016
1629403018
1629403025
1629403026
1629403033
1629403034
1629403035
1629403036
1630402001
1630402002
1630402003
1630402004
1630403002
1630403003
1630403005
1630403010
1630403011
1630403013
1630403017
1630403023
1630403026
1630403028
1630403032
1630403042
1630403044
1630403045
1630403046
1630403047
1630408002
1630408004
1630408005
1630408006
1630408010
1630408011
1630408018
1630408019
1630408021
1630408024
1630408032
1630408033
1630408034
1630408035
1630412005
1630412007
1630412015
1630412018
1630412019
1630412020
1630412022
1630412023
1630412027
1630412028
1630412029
1630412032
1630412035
1630412036
1630412037
1630412038
1630413001
1630413002
1630413005
1630413006
1630413007
1630413010
1630413017
1630413021
1630413022
1630413023
1630413024
1630414001
1630414011
1630414013
1630414018
1630414021
1630414022
1630414024
1630414026
1630414033
1630414034
1630414035
1630414036
1630415002
1630415003
1630415005
1630415007
1630415013
1630415016
1630415017
1630415021
1630415024
1630415025
1630415032
1630415035
1630415036
1630415037
1630415038
1630416001
1630416004
1630416007
1630416011
1630416023
1630416024
1630416029
1630416030
1630416031
1630416032
1630504003
1630504004
1630504005
1630504006
1630506002
1630506014
1630506015
1630506016
1630506018
1630506019
1630506021
1630506023
1630506033
1630506034
1630506036
1630506037
1630506040
1630506042
1630506043
1630506046
1630506048
1630506049
1630506056
1630506060
1630506064
1630506070
1630506071
1630506072
1630506073
1630507004
1630507010
1630507012
1630507017
1630507018
1630507019
1630507022
1630507037
1630507038
1630507039
1630507042
1630507043
1630507044
1630507045
1630509002
1630509004
1630509006
1630509008
1630509009
1630509017
1630509018
1630509021
1630509023
1630509037
1630509038
1630509039
1630509042
1630509043
1630509052
1630509053
1630509054
1630509055
1630510003
1630510005
1630510006
1630510007
1630510008
1630511003
1630511005
1630511007
1630511008
1630511013
1630511014
1630511015
1630511016
1630517001
1630517003
1630517007
1630517010
1630517011
1630517014
1630517015
1630517017
1630517018
1630517021
1630517024
1630517025
1630517033
1630517034
1630517035
1630517036
1641403006
1641403010
1641403024
1641403029
1641403042
1641403054
1641403055
1641403056
1641403057
1641404013
1641404026
1641404027
1641404028
1641404029
1641501002
1641501007
1641501009
1641501017
1641501018
1641501029
1641501048
1641501049
1641501051
1641501053
1641501056
1641501058
1641501073
1641501075
1641501077
1641501080
1641501081
1641501082
1641501083
1641502002
1641502018
1641502032
1641502039
1641502040
1641502041
1641502042
1642401003
1642401008
1642401016
1642401027
1642401030
1642401041
1642401042
1642401043
1642401044
1642402002
1642402012
1642402014
1642402020
1642402025
1642402037
1642402043
1642402046
1642402051
1642402055
1642402056
1642402057
1642402058
1642404011
1642404014
1642404016
1642404020
1642404042
1642404056
1642404057
1642404058
1642404059
1642405001
1642405017
1642405019
1642405021
1642405024
1642405037
1642405041
1642405052
1642405053
1642405054
1642405055
1642406001
1642406003
1642406006
1642406009
1642406012
1642406015
1642406017
1642406020
1642406022
1642406023
1642406025
1642406030
1642406031
1642406032
1642406033
1643401010
1643401029
1643401030
1643401039
1643401046
1643401050
1643401055
1643401073
1643401075
1643401081
1643401088
1643401089
1643401093
1643401095
1643401101
1643401104
1643401109
1643401114
1643401116
1643401117
1643401119
1643401120
1643401126
1643401127
1643401131
1643401137
1643401146
1643401149
1643401153
1643401159
1643401167
1643401173
1643401175
1643401183
1643401191
1643401193
1643401195
1643401196
1643401197
1643401198
1643401199
1643401200
1643401201
1643402020
1643402028
1643402029
1643402031
1643402044
1643402045
1643402046
1643402047
