1701401018
1701401030
1701401037
1701401039
1701401049
1701401070
1701401097
1701401102
1701401124
1701401129
1701401137
1701401138
1701401161
1701401177
1701401229
1701401230
1701401231
1701401232
1702401001
1702401014
1702401015
1702401023
1702401026
1702401027
1702401028
1702401029
1702402003
1702402010
1702402017
1702402020
1702402021
1702402043
1702402044
1702402045
1702402046
1702403011
1702403028
1702403029
1702403030
1702403031
1702404012
1702404014
1702404019
1702404020
1702404021
1702404022
1702405010
1702405019
1702405025
1702405027
1702405032
1702405035
1702405043
1702405044
1702405045
1702405046
1702406005
1702406021
1702406031
1702406036
1702406038
1702406041
1702406042
1702406043
1702406044
1702407001
1702407024
1702407030
1702407036
1702407040
1702407041
1702407042
1702407043
1702408032
1702408042
1702408043
1702408044
1702408045
1702409051
1702409056
1702409074
1702409081
1702409082
1702409083
1702409084
1703401003
1703401006
1703401007
1703401015
1703401016
1703401039
1703401040
1703401041
1703401042
1703402021
1703402027
1703402028
1703402029
1703402030
1703403031
1703403032
1703403033
1703403034
1703404019
1703404047
1703404048
1703404049
1703404050
1703405018
1703405042
1703405043
1703405044
1703405045
1703408023
1703408034
1703408044
1703408056
1703408061
1703408062
1703408063
1703408064
1704401001
1704401016
1704401017
1704401042
1704401051
1704401052
1704401053
1704401054
1704402030
1704402031
1704402032
1704402033
1704403010
1704403014
1704403031
1704403032
1704403050
1704403052
1704403053
1704403054
1704403055
1704406022
1704406023
1704406024
1704406025
1704407010
1704407027
1704407028
1704407029
1704407030
1704409004
1704409023
1704409026
1704409027
1704409028
1704409029
1704410023
1704410026
1704410027
1704410028
1704410029
1704504024
1704504025
1704504026
1704504027
1704505026
1704505027
1704505028
1704505029
1705401010
1705401018
1705401020
1705401034
1705401042
1705401043
1705401044
1705401045
1705402002
1705402007
1705402009
1705402010
1705402012
1705402024
1705402025
1705402026
1705402027
1705403005
1705403041
1705403042
1705403043
1705403044
1705404002
1705404007
1705404022
1705404023
1705404024
1705404025
1705406024
1705406025
1705406026
1705406027
1705408002
1705408024
1705408033
1705408037
1705408043
1705408044
1705408045
1705408046
1705410004
1705410016
1705410040
1705410042
1705410043
1705410044
1705410045
1705411016
1705411017
1705411018
1705411020
1705411023
1705411024
1705411025
1705411026
1706401034
1706401079
1706401080
1706401081
1706401082
1706403004
1706403009
1706403010
1706403011
1706403012
1706404033
1706404045
1706404052
1706404053
1706404054
1706404055
1706405004
1706405005
1706405008
1706405014
1706405022
1706405026
1706405027
1706405028
1706405029
1707402006
1707402010
1707402011
1707402013
1707402014
1707402015
1707402028
1707402057
1707402063
1707402068
1707402072
1707402073
1707402117
1707402120
1707402135
1707402136
1707402137
1707402138
1707403015
1707403019
1707403030
1707403032
1707403034
1707403035
1707403036
1707403037
1707404009
1707404015
1707404016
1707404023
1707404027
1707404028
1707404029
1707404031
1707404032
1707404033
1707404034
1708401011
1708401029
1708401030
1708401031
1708401032
1708404015
1708404039
1708404050
1708404051
1708404052
1708404053
1708405018
1708405020
1708405023
1708405029
1708405030
1708405045
1708405060
1708405070
1708405072
1708405078
1708405079
1708405080
1708405081
1708406008
1708406012
1708406014
1708406022
1708406023
1708406024
1708406025
1708407002
1708407016
1708407029
1708407035
1708407043
1708407047
1708407050
1708407051
1708407052
1708407053
1708408045
1708408052
1708408053
1708408054
1708408055
1708409007
1708409012
1708409022
1708409027
1708409028
1708409029
1708409030
1708510003
1708510005
1708510033
1708510043
1708510045
1708510056
1708510063
1708510064
1708510065
1708510066
1709401011
1709401092
1709401108
1709401132
1709401162
1709401163
1709401164
1709401165
1709404010
1709404020
1709404092
1709404096
1709404123
1709404152
1709404173
1709404174
1709404175
1709404176
1709408030
1709408039
1709408040
1709408041
1709408042
1710401010
1710401029
1710401031
1710401046
1710401047
1710401048
1710401049
1710402018
1710402022
1710402032
1710402039
1710402041
1710402043
1710402044
1710402045
1710402046
1710404042
1710404049
1710404053
1710404054
1710404056
1710404057
1710404058
1710404059
1710405007
1710405019
1710405030
1710405033
1710405038
1710405045
1710405057
1710405058
1710405059
1710405060
1710406019
1710406031
1710406032
1710406033
1710406034
1710407005
1710407008
1710407010
1710407011
1710407022
1710407026
1710407028
1710407029
1710407032
1710407033
1710407036
1710407037
1710407052
1710407053
1710407054
1710407055
1710408028
1710408029
1710408030
1710408031
1710409005
1710409009
1710409010
1710409043
1710409045
1710409047
1710409050
1710409055
1710409056
1710409057
1710409062
1710409075
1710409077
1710409096
1710409097
1710409098
1710409099
1710510022
1710510028
1710510035
1710510041
1710510049
1710510058
1710510063
1710510064
1710510065
1710510066
1711401006
1711401014
1711401020
1711401026
1711401027
1711401028
1711401030
1711401035
1711401040
1711401050
1711401065
1711401066
1711401067
1711401068
1711402014
1711402020
1711402023
1711402030
1711402038
1711402039
1711402040
1711402041
1713401004
1713401017
1713401023
1713401026
1713401028
1713401035
1713401039
1713401049
1713401050
1713401054
1713401055
1713401062
1713401068
1713401069
1713401070
1713401071
1713402009
1713402036
1713402044
1713402050
1713402051
1713402052
1713402053
1714401021
1714401045
1714401046
1714401075
1714401101
1714401102
1714401103
1714401104
1715404001
1715404010
1715404012
1715404024
1715404029
1715404030
1715404031
1715404037
1715404039
1715404040
1715404043
1715404048
1715404052
1715404054
1715404062
1715404063
1715404064
1715404065
1715405003
1715405007
1715405009
1715405012
1715405035
1715405036
1715405038
1715405040
1715405042
1715405043
1715405050
1715405058
1715405077
1715405078
1715405079
1715405080
1715406001
1715406003
1715406006
1715406008
1715406012
1715406013
1715406016
1715406018
1715406020
1715406040
1715406042
1715406043
1715406080
1715406092
1715406110
1715406121
1715406130
1715406137
1715406149
1715406150
1715406152
1715406156
1715406190
1715406192
1715406193
1715406194
1715406195
1718402002
1718402008
1718402013
1718402029
1718402041
1718402043
1718402044
1718402045
1718402046
1718403046
1718403057
1718403058
1718403059
1718403060
1721401001
1721401003
1721401012
1721401014
1721401045
1721401046
1721401047
1721401048
1721402047
1721402048
1721402049
1721402050
1727402028
1727402036
1727402040
1727402041
1727402042
1727402043
1727405063
1727405077
1727405117
1727405124
1727405129
1727405134
1727405150
1727405159
1727405172
1727405173
1727405181
1727405184
1727405186
1727405191
1727405200
1727405201
1727405202
1727405203
1727406009
1727406022
1727406037
1727406058
1727406070
1727406081
1727406082
1727406083
1727406084
1728401018
1728401021
1728401029
1728401032
1728401042
1728401046
1728401047
1728401048
1728401049
1728402003
1728402004
1728402006
1728402007
1728402014
1728402022
1728402034
1728402045
1728402046
1728402047
1728402048
1728403034
1728403064
1728403065
1728403066
1728403067
1728404031
1728404057
1728404080
1728404081
1728404082
1728404083
1728405002
1728405026
1728405030
1728405034
1728405040
1728405048
1728405049
1728405050
1728405051
1728407002
1728407012
1728407014
1728407026
1728407029
1728407030
1728407031
1728407032
1729401046
1729401047
1729401091
1729401095
1729401107
1729401113
1729401114
1729401115
1729401120
1729401125
1729401133
1729401150
1729401172
1729401187
1729401191
1729401210
1729401211
1729401212
1729401213
1729402003
1729402017
1729402029
1729402031
1729402036
1729402040
1729402052
1729402059
1729402064
1729402076
1729402104
1729402109
1729402113
1729402114
1729402116
1729402119
1729402120
1729402121
1729402122
1729403013
1729403034
1729403035
1729403036
1729403037
1730402001
1730402020
1730402030
1730402031
1730402032
1730402044
1730402049
1730402079
1730402092
1730402093
1730402094
1730402095
1730403044
1730403045
1730403046
1730403047
1730408034
1730408035
1730408036
1730408037
1730412005
1730412010
1730412011
1730412015
1730412018
1730412019
1730412021
1730412023
1730412026
1730412028
1730412030
1730412031
1730412033
1730412040
1730412045
1730412054
1730412058
1730412069
1730412070
1730412071
1730412072
1730412073
1730412074
1730413003
1730413007
1730413009
1730413014
1730413029
1730413030
1730413043
1730413071
1730413079
1730413094
1730413097
1730413099
1730413103
1730413104
1730413105
1730413107
1730413108
1730413109
1730413110
1730414030
1730414031
1730414032
1730414033
1730415013
1730415034
1730415035
1730415036
1730415037
1730416033
1730416034
1730416035
1730416036
1730504002
1730504003
1730504004
1730504007
1730504048
1730504052
1730504078
1730504079
1730504080
1730504081
1730506005
1730506017
1730506034
1730506044
1730506077
1730506120
1730506121
1730506122
1730506123
1730507014
1730507039
1730507040
1730507041
1730507043
1730507044
1730507045
1730507046
1730509006
1730509039
1730509057
1730509069
1730509072
1730509078
1730509079
1730509080
1730509085
1730509086
1730509102
1730509103
1730509104
1730509105
1730510026
1730510027
1730510034
1730510037
1730510045
1730510047
1730510048
1730510049
1730510050
1730511030
1730511031
1730511032
1730511033
1730517003
1730517004
1730517015
1730517022
1730517026
1730517045
1730517047
1730517048
1730517049
1730517050
1741403020
1741403042
1741403045
1741403046
1741403047
1741403048
1741404009
1741404017
1741404018
1741404019
1741404020
1741501007
1741501061
1741501062
1741501063
1741501064
1741502032
1741502033
1741502034
1741502035
1742401003
1742401015
1742401020
1742401044
1742401045
1742401046
1742401047
1742402021
1742402052
1742402053
1742402054
1742402055
1742404034
1742404046
1742404051
1742404052
1742404053
1742404054
1742405028
1742405049
1742405050
1742405051
1742405052
1742406019
1742406020
1742406021
1742406033
1742406034
1742406035
1742406036
1743401016
1743401017
1743401020
1743401029
1743401033
1743401044
1743401058
1743401071
1743401073
1743401074
1743401103
1743401147
1743401183
1743401184
1743401185
1743401186
1743402020
1743402032
1743402033
1743402034
1743402035
